Bleu_1:	 0.6571038251363877
Bleu_2:	 0.586584770325726
Bleu_3:	 0.5053174291493372
Bleu_4:	 0.42565368661954545
ROUGE_L: 0.7135224917734678
CIDEr:	 2.031018868300752